5.28 221
2.65 29294
20.16 63
34.66 4
25.86 6
23.97 1
22.03 3
73.45 1
2.79 6229
9.45 1136
10.01 61
25.56 7
20.28 5
30.03 2
40.48 1
19.64 1
38.32 2
49.18 1
4.76 11900
3.24 6224
2.49 4932
7.51 30
74.42 1
27.86 3
36.13 1
26.92 3
6.4 36
2.28 941
6.33 289
14.3 61
27.45 4
14.43 4
16.01 1
29.94 3
8.56 797
1.33 4689
5.95 5267
17.36 70
32.6 2
10.42 5
4.0 33739
8.73 295
2.17 19
0.68 11
23.25 11
17.13 4
15.59 4
13.97 2
65.92 1
12.28 33997
14.04 34
3.42 1443
6.74 86
37.1 1
32.75 1
11.03 1
36.71 1
61.93 2
4.08 7291
12.1 391
3.9 74
16.96 74
23.01 3
8.13 5
17.73 6
13.36 272
22.54 1
37.38 2
26.75 4
32.38 3
78.72 1
5.26 7945
21.22 3
25.88 7
20.18 5
10.13 3
30.15 3
100.8 2
34.68 2
75.89 1
50.35 1
4.84 197
7.89 589
17.95 63
16.9 31
7.63 21
125.0 7
29.47 1
56.16 1
2.58 15017
8.92 31
6.21 93
23.0 31
36.06 6
111.0 4
14.51 6
2.26 86021
8.42 20
17.22 5
43.89 1
8.1 219
6.05 3220
3.73 68
19.58 24
14.75 47
36.26 1
24.69 4
17.7 46
7.24 30
3.56 32324
11.71 53
12.38 147
18.07 6
51.17 1
9.68 999
1.15 303
10.24 7
21.73 7
19.09 3
120.0 6
30.8 6
25.77 2
33.05 1
129.5 1
4.19 204
29.16 8
37.28 2
22.44 3
16.83 1
23.72 1
43.1 1
4.29 3686
0.54 601
10.8 221
22.7 18
19.36 45
15.47 2
32.08 4
1.7 33427
4.48 176
18.61 5
198.0 1
33.6 1
26.42 2
24.04 1
46.08 1
7.71 60
14.82 39
12.44 34
17.83 11
13.5 84
76.6 1
1.67 1114
13.26 173
15.82 53
0.11 287
49.65 1
20.4 9
5.63 34
20.55 25
24.28 6
112.55 1
34.3 1
45.18 1
49.7 1
35.48 1
40.35 1
40.2 1
9.35 1011
0.32 34
11.94 87
28.76 2
30.33 1
48.16 1
5.7 4027
3.01 30
19.48 9
36.32 1
12.81 2
9.29 3
0.89 198
6.14 982
15.7 126
14.64 38
7.13 6
24.78 3
36.51 1
32.55 4
46.96 2
27.26 4
121.5 1
35.18 1
0.0 1580916
9.78 988
20.33 2
21.45 29
10.34 4
38.25 2
55.46 1
9.66 493
15.14 5
19.07 4
21.93 4
30.6 3
18.31 2
34.99 1
26.15 9
11.22 16
20.88 6
25.18 4
2.07 8288
1.28 5287
5.82 2073
17.03 2
33.38 5
8.63 7
13.69 1
23.31 1
13.87 2
4.46 15177
1.9 1024
12.54 68
18.85 25
28.4 3
48.2 1
46.06 3
33.8 5
42.82 1
299.99 1
10.88 523
1.97 117
0.03 542
1.79 195
15.72 9
28.47 1
39.7 2
22.78 8
5.14 130
0.26 20
24.39 5
45.09 4
28.62 1
6.94 21
22.29 3
16.62 6
26.5 3
114.5 1
23.53 2
42.7 1
2.93 701
13.13 7
19.8 19
20.02 17
25.92 2
50.05 2
31.04 1
30.25 1
2.74 2339
9.48 1462
22.16 31
20.25 14
19.69 2
23.82 17
24.1 2
34.55 3
45.2 1
41.51 1
283.0 1
49.15 1
7.9 35
7.56 1370
8.88 1812
3.23 139
4.71 48
46.31 1
26.95 6
16.27 1
27.81 1
222.0 3
11.12 15
9.99 205
21.86 19
42.23 1
25.68 2
40.98 1
61.82 1
10.49 3
1.38 4294
2.31 45
77.77 1
33.28 3
29.85 3
47.1 1
8.76 725
2.12 932
4.5 2239
13.78 149
17.16 133
13.92 5
15.66 112
10.98 877
25.25 8
0.71 26
22.68 4
5.47 2
8.16 987
17.76 64
16.93 14
12.4 125
23.04 5
36.82 1
36.68 1
75.14 1
16.76 101
6.84 945
23.65 8
12.72 4
43.38 2
82.46 1
2.85 25974
13.05 319
20.72 6
34.02 1
62.3 1
10.14 185
5.21 16
21.25 9
57.91 1
29.58 5
31.15 2
39.86 2
101.88 1
37.88 3
38.45 1
4.89 2546
16.4 27
17.98 27
4.67 14
7.84 15
3.31 10
47.06 3
27.97 1
62.03 1
4.95 10303
8.86 1001
7.7 1635
7.58 2696
60.0 31
16.29 19
27.65 5
170.8 1
2.23 932
6.38 643
14.8 45
14.48 83
17.27 3
94.0 1
8.47 2
108.88 1
9.54 253
17.8 23
24.88 10
24.66 7
19.57 3
77.2 1
35.06 1
7.08 2668
11.74 7
6.69 943
3.53 85
14.19 34
18.02 4
26.25 5
42.05 1
41.8 1
12.21 343
23.14 1
37.8 1
42.19 1
99.0 3
29.5 2
36.96 1
36.78 1
14.26 120
3.82 6856
6.56 2583
4.14 3885
12.02 17
37.25 2
56.2 2
71.7 1
22.0 127
26.68 5
0.53 13
31.95 1
19.31 2
39.06 2
11.39 3
110.0 4
18.47 1
12.62 6
18.91 1
64.12 1
35.94 1
2.6 7558
17.88 8
7.94 35
19.86 26
4.51 5
24.15 12
14.89 2
26.57 1
35.75 1
1.62 11463
5.66 5805
1.88 2320
13.23 155
0.14 47
20.1 9
25.8 10
28.58 2
33.98 3
34.6 1
40.7 2
15.87 1
30.55 1
33.72 1
6.28 506
2.51 91
14.58 61
7.49 42
23.9 12
5.2 5351
3.04 1523
11.45 487
12.84 67
32.91 1
3.65 15549
0.82 380
7.18 1607
11.64 91
18.16 86
24.99 9
51.06 1
24.73 5
64.95 1
58.56 1
7.06 1892
65.0 19
14.17 5
12.33 3
157.0 1
6.67 4
45.99 1
27.15 1
41.6 1
18.36 51
15.13 65
9.61 12
41.38 4
21.2 28
9.86 819
25.15 5
0.41 24
20.85 19
19.27 2
78.8 1
31.1 3
26.18 1
42.38 1
10.1 847
26.66 12
11.37 2
32.01 1
16.55 323
12.51 9
4.43 20
28.1 1
26.49 4
250.0 2
46.03 1
1.76 74665
1.98 1324
5.72 45
13.51 40
28.48 4
48.28 1
33.66 2
33.88 4
39.8 1
120.05 1
22.77 1
10.87 1
5.11 21
0.23 34
31.25 2
21.15 11
11.89 4
15.92 4
61.2 1
39.58 1
9.5 216
3.14 48
12.94 12
21.09 12
45.72 2
24.42 2
44.08 1
50.08 5
23.46 6
19.5 12
90.0 13
30.28 6
14.97 4
21.39 6
29.22 1
56.33 2
35.0 71
2.73 382
21.58 22
31.68 3
34.52 1
23.85 5
30.09 3
38.38 2
20.22 4
41.56 1
24.6 1
15.01 20
0.92 186
9.77 5
25.46 3
41.48 2
28.34 1
1.05 123
10.56 837
11.19 125
26.08 5
34.83 1
31.57 2
21.67 2
9.92 9
19.11 1
25.63 1
8.58 2595
2.34 4318
17.38 29
122.0 1
32.8 1
10.76 329
1.21 247
22.86 12
23.38 7
20.93 1
25.03 2
43.47 1
41.05 2
0.74 467
17.69 4
8.09 33
15.63 6
5.42 12
54.51 1
30.75 1
4.06 20616
3.7 15981
3.94 615
16.98 30
12.14 4
37.15 1
11.5 123
11.87 40
39.56 1
9.04 8
24.32 5
53.01 1
44.38 1
2.82 14681
5.07 171
20.75 20
34.05 1
13.02 7
2.61 53
21.28 11
36.2 3
38.48 2
29.55 3
22.07 2
25.82 5
31.18 1
99.05 1
20.12 2
10.19 1
10.05 576
21.56 12
24.8 7
9.41 12
30.07 3
124.54 1
31.66 1
86.59 1
3.28 201
2.45 59875
7.2 1685
8.83 32
56.06 3
6.0 12109
8.48 2182
14.7 342
16.05 87
14.47 3
7.34 71
17.28 15
43.83 1
6.37 1
27.41 1
77.88 1
9.51 65
3.79 93
19.52 4
35.03 1
32.86 2
5.56 6121
0.64 488
1.52 89
10.63 97
15.55 117
28.82 5
27.3 2
22.93 3
13.71 2
11.07 34
3.46 34897
32.71 1
26.34 7
36.75 1
29.8 3
23.19 7
75.09 1
3.85 10483
12.05 217
6.51 101
16.89 15
4.13 62
23.78 3
14.21 5
71.0 1
8.34 428
13.32 98
17.54 4
29.06 4
12.69 54
42.51 1
2.3 16141
4.54 274
7.91 35
19.83 3
26.52 1
3.38 356
17.91 2
16.34 3
2.54 13
62.69 1
5.9 788
19.46 32
169.71 1
9.27 6
57.2 2
24.55 8
44.13 1
28.02 2
35.35 1
8.5 315
14.71 6
17.3 24
6.01 8
3.77 10
11.54 2
53.78 1
47.48 1
12.34 44
7.01 44
70.05 2
65.7 1
27.12 1
1.11 2151
21.99 12
55.56 2
33.01 1
21.77 2
79.43 1
81.0 2
78.39 1
25.73 2
8.24 26
23.76 8
59.0 1
17.44 1
52.58 1
11.32 153
0.58 122
4.25 9679
10.4 174
32.04 3
42.43 1
1.3 2680
18.65 33
33.2 2
26.46 3
42.66 2
39.64 1
1.73 2328
0.09 172
10.82 170
15.78 15
20.45 39
13.54 9
5.77 7
20.59 1
9.16 748
1.81 120
19.95 43
24.24 8
25.1 4
20.8 27
48.31 1
28.51 2
33.91 1
38.83 1
45.14 1
34.29 1
12.99 54
9.8 224
3.19 86
9.31 8
0.36 10
44.05 2
54.0 1
2.99 50
20.08 34
19.2 28
13.19 2
25.98 2
34.78 2
49.38 1
90.7 1
36.55 2
15.3 32
7.17 22
58.59 1
24.96 2
32.51 1
18.19 2
0.4 114
0.99 327
79.97 1
19.14 13
15.25 67
21.62 7
25.66 4
21.88 9
9.97 1
10.53 4
40.96 1
31.52 1
34.86 1
18.54 12
11.26 202
15.39 24
31.8 2
0.48 5
58.14 1
80.24 1
13.65 126
1.24 786
10.73 434
25.06 11
20.96 15
44.9 1
22.83 1
10.96 279
1.45 222
5.49 1823
13.44 56
8.02 32
51.4 1
18.5 22
17.62 2
15.68 15
22.66 17
33.55 2
28.95 9
15.76 105
5.79 1610
1.93 1460
0.07 109
54.48 1
5.18 273
54.83 1
11.2 370
24.35 5
9.03 5
45.05 4
53.06 1
88.0 2
35.55 1
16.66 117
20.78 8
42.3 1
34.08 1
23.57 1
2.97 2412
5.34 1921
20.06 70
13.17 13
25.96 5
49.36 1
40.66 1
34.76 1
2.78 368
9.44 12
38.33 1
19.65 20
34.59 1
30.02 1
25.57 2
39.96 1
21.53 1
3.27 1754
4.75 5188
7.52 34
16.23 15
27.85 1
191.74 1
6.5 1335
14.2 109
6.32 1496
2.29 124
7.31 13
29.95 2
14.42 4
37.45 1
43.86 1
10.45 801
1.34 221
5.92 20
17.31 6
8.51 21
43.56 1
32.1 1
33.24 1
4.1 2622
0.69 435
2.16 89061
13.96 170
15.58 143
17.12 17
8.72 31
23.24 1
43.71 1
83.0 1
14.07 10
3.41 21
27.09 3
6.77 4
32.76 2
70.78 1
26.33 1
52.92 1
53.86 1
3.8 7252
12.0 2304
4.09 52
8.12 35
16.97 3
32.68 3
17.72 3
52.66 1
12.76 161
20.68 8
40.08 4
16.72 10
34.18 3
13.39 2
23.61 2
49.58 2
58.31 1
18.71 1
5.25 3572
2.68 440
21.21 3
30.16 10
39.82 1
28.13 1
4.85 6161
7.88 2062
17.94 154
27.75 4
7.62 40
16.8 30
16.31 8
29.46 2
6.26 3361
8.95 1400
14.56 150
7.47 20
23.7 14
27.54 4
100.01 1
115.54 1
2.27 33
17.23 29
8.43 8
71.38 1
55.61 1
6.06 4089
9.58 1362
8.2 727
11.53 119
17.4 23
14.76 103
24.84 10
63.81 1
7.27 1
36.25 1
3.57 1226
12.39 69
18.06 80
63.66 1
37.78 1
12.25 12536
6.79 13
37.06 2
29.1 3
14.09 3
32.78 1
4.18 91
16.82 25
8.21 17
22.45 19
43.0 4
17.41 2
23.73 1
18.43 1540
0.57 188
19.35 13
22.4 14
15.44 1
1.6 2369
61.42 5
24.05 13
4.49 80
32.28 2
33.7 3
26.43 1
7.76 1159
7.98 2181
12.43 125
13.2 365
14.85 60
42.91 1
16.47 2
60.06 3
17.84 3
1.66 683
13.27 11
20.5 15
19.98 12
30.51 2
15.83 2
5.62 17
34.2 3
33.76 1
20.54 2
155.02 1
9.36 921
0.31 24
11.97 6
24.48 5
28.75 2
38.63 1
21.03 3
35.28 1
54.7 1
5.6 979
9.28 1305
19.49 3
11.41 7
67.0 3
100.33 1
36.33 1
32.95 1
0.86 303
3.61 22
15.8 77
86.0 2
18.12 4
0.1 1264
10.35 662
25.48 8
20.32 21
21.44 1
85.82 1
34.42 1
1.18 6036
9.65 752
10.29 152
18.32 44
19.04 6
50.7 1
33.08 3
30.5 1
96.16 1
11.23 506
18.51 7
20.89 1
38.8 1
10.78 597
5.85 2187
8.64 362
17.04 19
23.36 9
22.88 2
1.8 6017
4.47 447
12.55 155
18.84 17
16.51 9
28.5 2
32.26 1
1.94 906
33.84 1
15.71 5
28.44 1
5.15 4961
31.21 1
15.96 94
24.38 9
21.11 8
0.27 19
45.08 3
68.3 1
38.71 1
9.38 1216
35.26 2
9.1 588
11.99 3
24.46 4
54.9 1
266.6 1
2.92 66
5.31 132
13.12 11
19.9 11
21.35 14
30.24 3
2.77 162
22.15 21
20.26 35
24.2 11
25.58 9
23.81 1
34.56 2
7.8 390
16.26 84
8.89 11
3.22 95
26.94 5
11.15 351
1.09 162
26.04 7
62.84 1
21.81 1
10.48 1176
1.39 89
29.84 1
47.0 7
1.58 4896
8.75 1114
2.11 62
10.69 3
4.6 64
13.91 4
17.15 70
28.88 4
33.48 2
23.23 2
22.99 1
65.94 1
176.0 1
27.9 1
5.46 6955
10.99 3
43.68 1
3.3 5624
4.02 720
8.19 471
14.34 32
6.44 114
95.0 2
17.79 6
93.17 1
32.63 1
138.68 1
6.85 1412
12.73 289
23.64 3
64.03 1
29.08 7
13.06 677
2.86 60688
6.99 840
150.0 18
5.03 28
26.8 4
62.0 7
20.71 1
22.24 1
10.15 574
21.24 6
52.0 6
28.16 9
41.88 1
29.59 1
3.36 38165
16.3 82
7.83 118
82.0 5
7.69 8
47.01 2
4.94 116
7.6 134
7.59 617
16.28 13
29.75 5
2.41 8
8.87 4
7.38 1724
8.44 10
55.66 1
16.09 3
17.24 10
57.55 1
9.55 686
17.9 74
19.56 46
36.28 3
32.82 1
4.8 2055
5.52 121
13.75 92
1.56 158
15.51 7
27.7 13
28.86 4
10.67 2
26.38 3
23.15 14
69.0 1
37.9 1
42.18 1
6.55 2121
4.17 612
14.25 70
3.81 45
12.01 5
37.26 2
137.5 2
29.18 2
18.46 59
0.52 632
11.38 394
22.1 11
15.41 1
92.79 1
12.65 414
18.96 32
4.37 107
18.78 10
80.08 1
2.7 28444
7.95 2279
19.87 5
14.88 59
26.56 5
42.76 1
53.23 1
45.24 1
17.89 1
5.65 2635
0.17 43
15.84 66
20.2 39
30.56 6
40.4 2
20.53 1
1.61 7
40.33 1
7.48 1885
23.8 8
6.29 156
14.59 1
29.64 2
71.25 1
43.95 2
9.23 373
36.38 2
19.42 6
28.06 14
35.31 1
3.64 782
0.83 73
11.65 233
7.19 83
24.98 7
60.69 1
18.17 1
6.64 62
7.05 1879
11.79 85
27.16 3
26.28 4
14.14 6
32.47 1
30.0 272
21.95 26
15.12 5
18.37 3
50.2 1
19.01 2
11.28 346
21.5 15
20.82 24
9.81 11
15.37 8
0.46 11
25.12 2
31.6 2
39.39 1
10.0 22065
11.36 492
18.48 23
4.21 17
90.84 1
58.08 1
16.56 98
18.69 24
42.84 2
12.52 12
28.2 6
32.21 1
1.77 10628
10.86 688
1.99 237
22.76 28
5.73 35
30.84 3
34.31 1
1.85 39505
9.12 19
19.91 4
39.44 1
33.95 4
0.19 17
28.55 4
25.5 7
30.58 2
3.15 19503
12.95 193
9.4 156
21.08 13
31.38 3
24.43 2
14.94 25
23.45 21
19.6 21
41.78 1
41.96 1
22.33 1
29.21 1
24.7 15
2.72 39
30.08 6
45.4 6
23.84 1
116.7 1
20.23 3
15.06 160
0.8 1184
0.95 148
19.77 1
25.41 2
28.33 1
11.18 354
10.57 24
21.66 27
1.04 171
38.06 3
15.21 7
42.29 1
9.93 1
5.98 424
2.37 5623
125.46 1
73.17 1
29.83 1
177.5 1
10.77 10
13.61 8
25.02 6
23.39 2
41.04 1
98.99 1
55.05 1
8.06 977
1.41 169
17.66 69
18.1 19
10.92 15
22.62 2
51.0 5
58.5 1
28.91 1
33.51 1
3.95 22795
12.15 129
3.6 183
6.41 14
4.07 17
14.31 1
37.14 1
16.99 2
32.66 3
100.88 1
9.07 58
21.18 9
11.6 453
31.28 6
11.84 1
35.51 1
45.01 2
24.31 1
5.06 9658
2.83 2856
13.03 120
22.21 4
20.74 1
74.0 1
40.14 1
2.66 70790
20.15 25
36.5 1
25.85 6
23.94 3
30.18 2
21.57 2
10.04 10
30.06 16
19.61 5
28.25 4
24.9 2
29.72 1
4.93 19
2.46 79477
4.79 94
7.1 482
71.55 1
6.36 3190
7.35 1340
8.49 396
14.46 147
14.6 76
6.1 74
16.04 3
17.29 5
5.96 4433
2.39 759
8.55 1192
17.35 46
10.41 6
57.26 1
32.5 2
76.89 1
1.53 3328
15.54 31
0.65 83
5.57 18
23.28 7
10.62 12
27.2 11
46.9 1
22.92 2
54.26 1
33.43 1
28.83 1
3.45 30416
11.04 138
6.73 68
37.6 1
52.78 1
26.37 1
52.96 1
12.04 5
3.84 4724
4.12 36
16.88 26
23.79 4
32.11 1
13.35 125
20.64 16
17.53 16
8.33 9
40.04 1
22.57 3
34.14 1
12.68 819
18.75 32
2.0 265452
7.92 71
13.8 804
4.57 4
26.51 2
24.13 4
12.49 1
3.39 6100
7.66 1212
16.35 57
27.71 1
37.92 1
4.81 24
60.16 1
7.43 9
23.3 9
36.05 2
6.22 13
16.14 22
75.2 1
8.91 16
14.52 6
5.8 1347
9.26 642
24.54 3
57.3 1
28.03 2
17.0 132
3.74 257
8.6 567
7.23 56
11.57 19
6.02 33
14.72 4
12.35 238
41.0 6
6.61 28
37.74 1
14.11 3
64.45 1
1.16 77
55.0 20
25.74 6
33.06 2
10.27 1
8.25 1204
17.45 69
16.86 99
22.41 3
4.26 17565
10.7 505
15.48 64
11.31 13
22.8 18
162.7 1
19.39 1
1.2 33442
33.3 2
18.64 4
24.01 2
61.46 1
35.61 1
4.59 3115
7.72 28
13.6 192
14.81 3
16.43 1
25.0 389
9.17 9
20.9 8
20.58 22
19.94 5
39.41 2
38.82 1
24.25 4
35.45 1
0.35 40
9.32 327
44.06 1
55.84 1
21.07 7
28.71 2
11.93 3
53.19 1
2.98 298
13.18 8326
19.3 19
14.91 6
22.36 12
20.09 1
6.17 21
15.4 49
32.56 1
27.25 1
37.64 1
24.91 1
46.95 1
10.31 11
0.98 6006
0.5 4698
40.56 2
20.36 16
9.94 9
1.03 5956
15.26 145
40.95 2
21.61 3
25.65 3
38.01 1
33.13 1
19.17 1
0.49 605
18.55 48
11.27 2
15.38 36
146.0 1
39.36 1
78.0 1
2.04 37
13.84 14
5.81 39
23.32 17
20.99 1
71.17 1
15.69 23
5.48 273
1.44 107
13.45 218
18.4 547
17.63 2
8.03 6
10.97 2
51.5 1
58.0 6
33.54 1
0.04 255
39.0 6
15.75 56
20.48 12
13.59 53
49.78 2
39.73 1
5.19 2135
11.3 121
9.02 26
11.81 4
45.04 1
13.08 160
2.88 732
16.61 5
6.97 3
26.6 5
42.4 1
29.34 1
13.16 709
2.96 55725
5.35 3314
20.07 7
22.38 6
21.31 3
38.51 1
10.03 70
19.66 40
9.47 1
30.01 1
35.8 1
3.26 42011
4.74 2722
7.53 3
16.22 7
27.84 4
15.28 65
11.11 84
51.33 1
19.19 2
21.85 11
39.22 1
18.23 4
1.35 367
5.93 21
10.44 170
32.0 16
41.11 1
29.88 3
37.58 3
33.25 1
2.15 39967
5.58 3141
4.2 10742
13.95 183
17.11 5
8.71 8
23.27 1
50.83 1
67.38 1
46.6 1
6.76 2259
27.08 7
14.06 163
11.01 8
26.32 5
45.84 1
8.15 1662
6.48 791
14.38 116
12.7 227
17.75 29
64.0 1
23.07 3
13.38 66
6.81 93
16.73 16
12.77 3
37.36 1
20.69 1
18.72 8
35.99 1
2.69 139
10.11 27
5.24 128
28.12 1
3.32 9438
4.64 157
29.49 2
16.7 52
56.18 1
7.87 1
47.05 1
66.84 1
134.8 1
7.46 1392
8.94 334
14.57 9
6.27 52
27.55 4
23.6 10
60.36 1
16.11 5
66.45 1
75.7 1
6.8 1084
2.24 27
29.98 5
41.23 1
9.59 5
7.26 1652
8.3 1015
3.71 47
17.5 26
11.52 23
6.07 3
24.85 6
36.24 2
14.77 1
18.01 5
32.49 3
42.06 1
27.18 3
36.45 2
138.0 1
26.26 7
11.77 1
6.78 1184
12.24 67
14.08 180
27.06 6
29.0 12
111.11 1
32.79 2
23.11 1
6.59 257
8.22 31
17.42 7
22.46 11
14.29 3
16.81 5
19.34 5
0.56 401
15.45 74
22.5 8
18.42 2
44.61 1
4.33 1110
18.92 3
26.79 3
12.61 12
32.34 1
16.46 78
13.3 96
7.99 7
7.77 64
12.42 9
17.85 38
24.18 2
76.0 2
14.84 1
35.78 2
13.24 70
9.18 1337
1.65 384
34.1 1
5.61 118
40.0 138
0.13 46
20.57 7
49.5 1
20.6 9
54.98 1
11.96 1814
9.37 2
24.49 1
31.32 1
28.74 2
21.02 1
11.46 281
3.07 121
5.1 32
68.68 1
145.0 1
88.88 1
12.87 1
0.87 82
11.61 12
15.9 19
18.13 14
24.76 6
35.16 4
27.28 5
10.36 735
0.2 1634
20.31 2
41.45 1
9.64 13
10.28 727
1.19 159
15.16 151
19.05 49
18.33 2
33.09 1
9.85 809
20.86 18
0.42 11
21.1 5
19.24 2
15.33 2
25.16 7
31.2 1
5.84 140
8.65 1193
17.05 65
2.01 292
22.89 7
13.81 3
10.79 2
43.48 1
12.56 429
4.44 3512
18.87 1
28.6 7
48.0 7
24.08 17
16.52 3
32.25 1
52.23 1
1.95 37187
0.01 3371
30.88 2
28.45 5
39.76 1
21.16 26
5.12 23
9.09 316
11.8 132
38.76 2
31.26 1
44.35 1
15.91 1
12.91 11
9.39 244
9.0 2466
11.98 553
3.11 373
21.36 19
5.32 2662
14.98 110
13.11 78
2.91 29
23.49 6
31.06 2
tip_amount 1
2.76 65682
45.0 29
22.14 5
24.3 6
25.59 5
20.27 1
57.61 1
10.38 625
0.91 22
19.73 2
15.02 7
9.74 4
25.45 7
1.08 8340
18.26 56
11.14 10
26.05 11
33.18 2
2.33 3527
53.0 2
56.56 1
71.06 1
4.7 9201
1.59 119
10.68 564
8.74 12
22.98 9
27.8 5
23.22 3
28.89 2
17.14 2
55.16 1
0.77 186
5.41 11
44.44 3
30.76 3
58.9 1
3.2 27098
6.45 3813
8.18 1969
3.91 14
17.78 13
72.0 3
4.03 33
14.35 109
12.11 10
36.66 1
6.86 2152
16.74 22
8.39 23
17.59 3
5.02 21
6.98 1436
22.25 12
2.87 8
13.07 9
26.9 1
2.62 121
39.88 2
29.56 1
25.81 1
37.86 1
56.25 1
100.1 1
49.21 1
36.1 1
3.37 60
7.82 605
7.68 2003
16.2 51
26.85 3
4.61 14
27.91 6
4.97 8
7.5 903
8.84 239
2.42 44
60.2 1
29.76 1
8.45 1871
2.21 1038
16.08 36
17.25 43
55.67 1
7.39 1
41.26 1
8.8 357
9.52 30
32.85 3
19.51 2
11.59 1
10.66 321
25.35 4
5.53 279
1.57 173
4.9 50
13.74 62
0.61 26
27.6 3
22.96 9
55.18 1
49.95 1
50.88 2
66.7 1
12.23 228
11.08 713
3.49 69
23.16 18
27.01 2
29.7 1
4.16 18930
6.54 1002
56.0 2
29.19 2
14.24 1
32.15 2
46.56 2
6.88 1350
29.05 6
8.37 8
17.57 6
4.36 16041
12.64 5
18.79 1
18.97 1
7.96 997
7.78 2044
2.4 685
4.53 24
19.84 3
24.17 1
74.85 1
60.08 2
16.49 8
26.55 3
5.64 1672
49.0 5
15.85 157
20.3 16
0.16 26
13.21 6
38.88 2
40.5 1
20.52 1
2.57 698
16.18 49
36.09 2
29.63 1
19.43 3
9.22 15
44.16 1
57.7 1
11.66 172
3.67 16
18.14 3
24.71 1
74.09 1
45.41 1
11.78 3644
6.65 1957
14.15 108
7.04 60
12.31 3
32.46 2
42.09 3
1.12 651
10.23 528
18.38 9
63.58 1
55.55 5
51.28 2
15.36 5795
31.85 2
0.47 13
21.4 10
20.83 5
11.29 3
19.21 2
31.7 2
38.2 2
4.22 36
11.35 432
10.3 166
35.86 2
26.64 6
114.64 1
32.03 1
196.2 2
16.57 6
4.41 33
18.82 26
18.68 14
28.3 3
51.78 1
39.69 1
12.53 1
5.74 79
30.83 1
20.46 21
13.57 9
10.81 5
30.69 2
38.98 2
22.71 1
1.84 7258
0.18 79
25.4 6
9.13 29
39.45 2
126.0 1
79.7 1
24.21 1
12.96 215
3.16 45768
9.7 566
30.38 3
0.39 8
47.25 2
14.95 574
22.32 15
19.7 23
23.44 1
41.79 1
6.13 16
3.69 5211
15.0 2683
7.14 797
11.68 388
24.95 7
14.63 7
15.07 7
0.9 567
0.94 242
19.76 30
9.71 15
28.32 2
86.69 1
10.54 5
1.07 63
21.65 14
15.22 2
18.29 4
38.05 1
31.55 1
2.36 83079
5.99 163
29.82 4
27.31 2
13.66 285
2.08 14281
1.27 181
25.05 20
13.88 45
20.95 39
119.7 1
109.0 1
50.92 1
18.0 233
8.07 118
10.93 105
44.49 1
13.41 2
22.63 3
6.42 48
3.5 11883
3.96 22649
4.04 94
14.32 89
12.16 179
60.93 1
32.65 1
9.06 755
11.7 270
11.85 257
31.29 2
30.48 3
50.68 1
21.19 1
5.09 159
6.93 6
16.65 36
42.0 13
23.54 1
26.2 6
2.67 3725
25.84 1
65.08 1
23.95 6
20.14 5
22.01 3
36.4 1
41.68 1
34.64 1
37.83 1
10.07 63
50.25 1
9.43 43
28.26 4
38.34 1
30.05 12
19.62 2
21.54 4
23.89 1
4.92 222
4.78 202
7.0 7893
2.47 49
8.81 21
46.38 1
27.62 1
27.88 1
29.73 1
6.31 5
6.6 216
7.32 807
14.1 89
16.03 35
14.41 11
91.0 2
29.96 4
37.46 1
5.97 63
2.38 883
1.31 25
8.54 24
17.34 11
0.66 313
25.32 5
5.54 196
66.0 4
13.73 115
10.61 36
2.19 15
15.57 5
22.91 1
27.1 1
13.99 1
11.05 3644
3.44 75
6.72 57
37.7 4
70.0 20
14.02 5
36.99 1
94.82 1
26.36 1
12.18 169
3.98 98
8.11 61
12.3 115
16.94 5
99.99 2
17.71 3
8.32 534
22.56 12
13.34 31
34.15 1
20.65 20
40.05 2
4.39 55
18.76 55
18.98 9
51.88 1
4.56 13735
2.1 492
7.93 22
13.9 81
12.48 302
19.81 1
45.22 1
64.38 1
7.61 31
4.86 11220
4.68 181
16.32 149
37.95 1
60.11 2
27.76 3
29.45 3
27.98 3
17.97 4
23.2 15
16.15 77
6.23 59
14.53 61
7.42 24
27.51 3
9.25 833
24.57 3
19.44 4
57.0 4
32.98 2
11.56 187
3.75 11776
8.7 633
14.73 823
6.03 6
7.22 19
17.1 25
24.81 1
3.54 5908
11.73 282
18.05 78
10.26 369
15.18 28
1.17 68
25.75 6
31.41 2
50.8 1
21.71 2
8.26 917
3.89 99
17.46 65
16.85 40
12.09 74
23.74 1
43.7 1
10.6 653
19.38 12
15.49 5
32.06 6
4.27 4
22.9 5
35.83 1
1.5 91442
12.58 333
24.06 27
28.8 1
51.73 1
18.63 1
45.36 1
39.62 1
64.28 1
12.46 383
4.58 5280
7.73 117
13.7 154
16.42 7
17.81 2
161.7 1
1.83 1694
1.69 101
9.14 17
13.28 72
24.26 6
28.53 1
25.3 2
19.97 1
21.06 38
54.2 1
0.34 10
9.33 9
11.92 6
47.28 1
55.85 1
5.5 1413
3.03 351
11.42 15
47.56 1
12.83 2
35.39 1
6.16 3602
14.66 162
15.5 61
7.11 68
70.15 2
27.24 3
62.52 1
36.53 1
15.08 73
0.6 133
10.32 213
20.35 22
85.85 1
21.43 3
19.79 2
34.45 2
49.05 1
9.95 1107
1.02 287
19.16 69
10.51 7
25.64 1
15.27 1
54.15 2
9.89 346
18.52 9
19.28 6
54.09 1
80.22 1
211.0 1
2.05 42922
8.61 76
13.85 165
25.08 12
20.98 9
23.33 1
17.01 2
44.7 1
13.46 135
1.47 11688
80.0 36
18.7 25
76.76 1
51.6 1
10.94 2
25.29 4
54.58 1
58.3 1
0.05 667
13.58 128
1.91 11
20.49 13
30.66 4
15.74 4
33.81 1
34.39 1
5.16 8800
0.24 22
15.95 105
21.12 5
31.22 1
68.0 3
61.5 1
6.96 2051
2.89 43
23.51 2
29.35 6
26.7 5
13.09 1
42.5 1
2.95 42912
5.36 7384
13.15 3118
21.32 18
20.04 9
34.74 3
69.69 1
9.46 573
10.02 42
48.43 1
22.18 7
25.55 10
21.51 2
19.67 5
35.9 1
38.31 1
4.99 93
36.16 5
16.25 74
4.73 100
7.54 23
3.21 17
29.78 4
27.69 2
58.92 1
74.47 1
21.84 7
19.18 12
15.29 2
26.01 2
44.85 2
18.22 3
1.36 611
27.38 11
8.53 30
32.3 2
10.47 5
41.12 1
2.14 5098
4.3 2504
23.26 11
5.59 14
13.94 5
59.23 1
46.7 1
50.82 2
13.48 271
5.45 7881
1.49 161
15.64 3
18.9 13
0.73 7
17.74 5
6.49 15
12.6 272
23.06 14
16.91 8
8.14 4
75.16 1
6.82 1043
22.59 12
37.35 4
12.74 1
18.73 11
35.98 2
26.76 9
42.56 1
10.16 408
5.23 40
31.17 1
22.08 15
52.3 1
39.84 1
41.61 1
7.86 1227
4.65 5545
3.33 2672
16.6 36
27.95 8
29.48 3
26.81 3
7.45 2533
6.24 1119
8.97 77
60.35 1
27.56 4
16.12 7
14.54 3
23.5 3
100.03 1
43.98 1
2.25 38812
8.41 22
27.48 6
17.21 2
6.9 27
29.99 1
41.22 1
6.08 2614
7.29 659
9.56 503
14.78 44
19.55 41
77.0 2
24.64 1
35.04 1
149.0 1
11.76 163
3.51 30
27.19 1
36.44 1
32.48 3
47.88 1
27.05 9
12.27 5
23.12 4
29.3 3
8.23 203
6.58 2482
14.28 52
23.71 1
32.19 3
43.06 2
29.15 2
17.43 3
71.9 1
43.2 1
230.0 1
138.74 1
18.45 60
0.51 31
22.2 26
15.42 7
19.33 7
35.88 3
44.66 1
4.32 5110
26.78 2
18.93 3
32.35 1
35.96 1
13.0 616
2.8 8063
7.74 559
16.45 731
17.86 75
14.87 3
26.59 1
19.88 8
12.41 1
20.56 50
0.12 82
13.25 135
20.7 29
34.0 10
1.64 29
15.81 3
33.74 1
40.1 3
34.26 1
9.19 3
40.36 1
2.53 542
43.96 1
27.58 3
8.99 23
5.0 53499
12.86 252
3.06 51189
3.63 60
6.19 21
0.84 233
86.2 1
24.75 2
35.15 1
11.62 4
32.58 1
0.3 157
10.37 2
28.38 4
21.46 10
48.58 1
38.26 1
21.78 4
55.8 2
21.96 10
19.02 9
18.34 5
9.63 1
30.3 4
15.11 5
80.44 1
9.84 172
19.25 24
21.0 38
15.32 35
0.43 15
31.81 2
25.17 2
38.6 1
8.66 793
13.82 2002
2.02 335
17.06 94
44.0 10
23.34 11
5.87 3
125.55 1
75.24 1
4.45 13823
18.86 56
12.57 23
24.09 4
46.05 2
16.53 1
28.7 2
124.0 1
10.85 518
13.53 6
1.74 59
33.64 1
22.75 7
43.16 1
20.42 4
40.22 1
5.13 22
9.08 1849
11.9 107
0.21 36
31.27 2
61.0 3
48.05 1
30.46 1
21.17 1
28.65 1
3.12 2035
9.3 156
12.92 8
24.44 1
5.33 566
21.37 1
14.99 5
23.48 7
20.01 2
34.71 2
50.06 3
65.15 1
40.61 1
30.26 1
2.71 34
10.09 4
35.2 2
48.48 1
28.28 7
24.4 6
28.36 6
9.75 547
38.28 2
21.48 12
25.44 7
15.03 5
10.39 6
19.72 4
31.78 3
48.56 1
10.58 816
21.69 11
18.25 38
31.59 1
11.17 4
39.24 2
26.06 10
21.83 1
2.32 12163
29.86 3
47.2 1
27.35 4
43.59 1
66.25 1
1.23 5437
13.62 9
8.68 1778
5.89 139
10.74 136
17.08 78
55.06 2
20.91 1
33.33 2
43.45 2
25.01 1
0.76 262
15.61 1
30.99 6
25.22 1
14.36 204
6.46 2912
3.92 177
3.1 136
12.9 43
12.12 16
32.61 2
330.0 1
37.13 1
8.38 1922
6.87 38
17.58 41
23.66 10
16.75 62
12.71 1
5.05 5788
23.58 10
22.22 15
16.69 3
202.0 1
49.47 1
20.77 3
36.0 14
2.63 445
100.0 40
22.05 20
28.18 3
41.86 1
3.34 1094
4.62 340
16.38 24
16.1 43
7.81 27
82.2 1
26.86 2
27.92 1
7.4 349
4.96 10435
2.43 733
8.85 1112
26.98 6
27.66 3
62.18 1
6.2 3566
7.36 1527
6.35 2129
14.45 117
14.5 43
16.07 6
101.42 1
8.9 362
11.58 385
9.53 8
24.61 1
35.01 2
140.0 1
0.62 530
1.54 7999
8.79 358
10.65 386
17.19 27
22.95 17
13.77 7
15.53 3
25.36 13
27.5 3
3.48 120
12.22 18
11.09 3
36.95 1
29.6 1
6.53 31
8.28 2025
14.23 134
3.87 878
4.11 41
12.07 7
17.48 18
255.0 1
8.36 1044
17.56 65
6.89 77
29.04 4
20.61 3
23.68 4
34.11 2
49.51 1
22.52 1
4.35 6874
12.67 1
18.94 1
32.32 1
7.79 38
2.5 30221
16.48 1779
24.16 14
19.85 20
4.52 37
35.76 1
7.97 4
335.0 1
26.54 1
4.82 3611
7.65 1421
16.36 101
26.88 3
82.06 1
17.93 2
29.41 1
2.56 75316
11.48 591
9.21 1788
3.09 6551
12.89 4
323.0 1
44.15 1
3.66 29469
18.15 50
0.81 32
11.67 11
180.24 1
195.0 1
12.36 378
3.58 10475
6.62 30
14.12 7
7.03 11
51.19 1
18.09 11
37.77 1
41.3 1
1.13 5779
18.39 12
10.22 11
21.75 10
81.24 1
25.71 1
31.45 2
55.5 3
63.59 1
81.2 1
15.35 3378
18.58 40
0.44 21
21.7 22
31.4 5
9.83 17
19.22 11
301.37 1
38.1 1
11.34 98
10.2 528
4.23 30
35.87 1
26.65 2
31.98 3
1.1 2785
16.58 31
33.0 20
26.44 1
24.02 1
18.67 2
39.66 1
35.62 1
13.56 213
5.75 3116
1.71 16
30.68 1
33.61 2
20.47 1
30.82 2
15.88 61
5.69 112
1.87 17
25.7 14
40.8 3
19.93 5
24.22 2
28.57 1
9.6 656
3.17 37
0.38 10
30.39 2
12.97 1
5.38 240
19.0 70
14.92 6
23.43 2
22.35 7
7.15 1324
15.1 95
3.68 76
6.12 96
11.69 1
37.61 1
14.62 3
0.97 91
9.72 18
19.75 193
15.04 8
28.31 4
79.99 1
40.59 1
20.39 1
48.51 1
10.55 617
1.06 149
18.28 24
33.16 6
15.23 33
9.91 7
19.12 4
21.64 1
38.04 1
18.56 49
31.88 5
21.9 7
58.16 1
11.24 3
51.46 1
123.0 1
1.26 138
2.09 215
20.94 9
13.89 46
13.67 3
10.71 5
33.36 2
73.29 1
25.04 1
22.81 1
8.04 501
1.43 3626
63.5 1
0.79 352
18.3 30
17.64 17
13.42 3
30.78 2
51.2 2
151.5 1
4.05 11740
6.43 12
3.4 200
14.33 4
32.64 1
3.97 7
37.16 4
12.17 2
11.0 1211
0.28 55
11.82 110
15.99 30
9.01 15
86.19 1
5.08 4227
23.55 8
26.3 5
6.92 39
16.64 7
29.31 1
2.64 5730
23.96 4
5.29 52
36.7 3
22.02 3
93.0 1
20.17 1
10.06 422
50.24 1
9.42 18
23.88 5
21.55 9
25.51 5
19.63 3
45.8 2
38.35 1
31.65 1
2.48 1190
3.25 18273
4.77 285
60.8 1
16.21 8
36.12 1
14.0 418
7.33 193
6.7 2173
16.02 2
27.46 3
5.94 1408
1.32 10085
8.57 102
41.16 3
57.24 2
10.43 3
17.37 3
32.7 4
2.18 1151
5.55 4487
1.51 175
15.56 124
0.67 145
13.98 142
115.0 4
28.81 1
13.72 8
27.0 22
54.24 1
49.93 1
25.33 2
3.43 111
6.75 1435
14.05 126
11.02 12
12.29 6
37.0 5
26.31 1
101.0 1
99.8 1
3.99 4515
12.2 288
16.95 86
12.19 2
37.18 2
23.02 1
12.78 112
20.66 44
8.31 36
40.06 8
22.55 18
17.51 7
118.0 1
13.37 4
34.16 2
4.38 128
18.99 10
26.72 1
18.77 2
5.27 36
20.19 12
23.98 6
10.12 10
25.89 2
28.11 2
16.33 37
4.69 46
17.96 59
4.87 5
27.99 6
53.38 1
47.08 2
29.44 1
27.77 1
16.16 130
7.41 72
2.59 39
75.0 13
66.42 2
8.93 1
23.1 3
62.64 1
9.24 287
19.45 37
24.56 12
28.01 2
35.36 1
48.61 1
6.04 80
8.0 9419
3.72 1084
7.25 1673
24.68 4
17.6 24
19.59 25
24.86 3
35.08 3
11.51 9
45.58 2
14.74 2
3.55 17802
11.72 7
18.04 6
26.23 2
72.75 1
92.33 1
10.25 497
9.69 214
1.14 185
19.08 26
38.12 1
21.72 3
25.76 5
81.5 1
30.9 1
3.88 261
12.08 295
16.84 8
160.08 1
23.75 11
8.27 9
17.47 2
29.11 3
4.28 226
10.9 139
0.55 212
22.6 7
15.46 90
46.68 1
18.41 4
19.37 1
1.4 13180
18.88 21
12.59 1
33.5 4
18.62 2
24.07 3
26.41 1
42.61 1
35.67 1
14.83 70
13.4 50
12.45 355
17.82 27
16.41 5
93.86 1
1.68 2396
9.15 953
1.82 43
13.29 55
19.96 36
85.0 3
25.2 15
33.78 3
39.43 1
68.34 1
11.95 1015
0.33 72
31.31 2
9.34 7
21.01 3
30.32 2
38.61 1
11.43 4
5.4 53
12.82 79
3.02 438
24.58 9
35.38 3
6.15 1748
0.88 325
14.65 77
7.12 27
15.6 40
37.66 2
35.19 1
24.93 1
24.79 2
10.33 86
0.7 5985
19.78 410
15.09 36
20.34 4
57.76 1
300.0 1
40.54 1
30.7 6
19.06 55
25.78 6
15.15 77
50.5 5
40.88 1
21.92 5
9.88 999
11.21 10
19.29 10
26.16 8
54.08 1
42.36 1
13.86 245
13.68 62
2.06 90682
5.83 412
1.29 111
8.62 19
17.02 7
48.99 2
33.39 4
10.95 609
1.46 163
8.01 55
13.47 7
28.96 3
51.7 2
22.65 12
18.6 19
17.61 8
58.2 1
25.28 7
63.0 4
33.56 1
1.96 87944
1.78 2316
0.02 1267
10.89 137
15.73 64
33.68 2
30.61 3
28.46 1
48.26 1
33.86 2
0.25 185
15.94 6
21.13 3
48.01 2
5.17 8
31.23 3
28.61 3
6.95 3404
29.36 2
16.63 27
22.28 5
26.4 1
23.52 1
2.94 6466
5.37 111
31.03 2
20.05 42
13.14 55
25.95 4
232.6 1
50.02 1
29.28 3
41.71 1
99.78 1
34.75 1
21.33 2
30.22 1
89.08 1
49.35 1
2.75 33451
9.49 2
24.0 18
23.83 4
19.68 8
45.3 1
22.17 1
20.24 2
35.6 2
4.72 33
7.55 1970
4.98 246
29.79 1
16.24 5
27.82 5
62.16 2
27.68 3
18.21 3
9.98 1319
25.69 1
11.13 6
21.87 1
26.02 1
10.46 359
1.37 78
8.52 39
5.91 110
17.32 45
32.2 2
27.39 2
4.4 2300
2.13 1014
46.0 4
13.93 92
8.77 1
25.38 7
49.98 1
17.17 1
13.79 1
1.48 4000
0.72 429
15.65 69
5.44 125
18.8 31
28.98 2
30.73 4
25.26 4
12.5 143
200.0 14
36.69 1
23.05 13
16.92 7
64.2 1
8.17 1
17.77 1
6.83 227
22.58 18
12.75 79
16.71 5
23.62 1
5.01 130
2.84 489
20.73 6
22.26 12
29.38 4
13.04 4
230.07 1
34.03 1
10.17 10
5.22 146
21.26 18
56.28 3
28.14 4
22.09 1
30.11 1
31.16 1
4.66 12900
7.85 1614
4.88 228
16.5 27
26.82 4
27.78 4
66.86 1
27.96 1
8.96 742
7.44 623
6.25 1641
14.55 57
23.4 7
27.57 1
16.13 2
36.02 1
6.39 1125
2.22 8029
8.46 835
14.9 198
17.26 56
14.49 35
81.14 1
41.25 2
9.57 57
6.09 1268
7.28 1698
14.79 24
24.65 4
19.54 2
35.05 1
6.68 1080
11.75 1308
3.52 79
14.18 32
45.96 1
7.09 4
18.03 3
36.47 1
26.24 1
12.26 135
29.2 3
45.88 1
89.0 1
37.05 2
4.15 8019
3.83 1661
12.03 8
6.57 36
22.48 9
59.8 1
32.16 5
14.27 1
15.43 65
22.3 13
19.32 19
31.96 2
18.44 1
175.17 1
4.31 15
12.63 4
32.36 3
14.86 137
2.9 6076
7.75 1345
19.89 16
13.1 268
16.44 23
26.58 9
17.87 2
60.05 1
5.67 91
20.0 1641
1.63 2657
0.15 346
1.89 136
15.86 286
39.48 5
13.22 11
112.0 2
25.9 2
28.59 1
33.99 1
20.51 2
2.52 4751
8.98 1799
29.66 4
98.0 2
5.3 2341
3.05 30715
12.85 205
11.44 5
57.8 1
36.36 1
28.08 1
6.18 421
0.85 183
3.62 37
14.68 89
18.11 5
11.63 2
14.16 179
6.66 2634
12.32 95
7.07 20
32.45 1
41.7 1
50.0 110
19.03 71
18.35 30
30.2 8
9.62 17
21.79 3
38.19 1
63.55 1
21.97 1
9.87 8
20.84 4
19.26 56
25.14 7
15.31 5
21.3 25
107.0 1
38.5 2
31.0 4
26.19 3
31.82 1
8.67 10
2.03 2066
5.86 4925
17.07 6
13.83 11
23.35 5
28.0 34
4.42 20
18.81 4
16.54 7
26.48 3
48.6 1
1.75 36258
22.74 7
5.71 10
10.84 5
13.52 6
39.78 1
34.33 1
20.43 3
30.86 1
11.88 201
0.22 170
50.65 1
28.66 2
15.93 3
88.8 1
21.14 2
353.5 1
48.06 1
9.2 653
3.13 164
24.45 15
12.93 3
35.25 3
45.75 1
28.78 2
14.96 86
38.58 2
19.4 18
21.38 7
22.31 1
30.29 1
50.09 1
10.08 1156
23.86 13
24.5 6
22.12 2
28.29 3
49.11 1
35.3 1
41.55 1
20.21 1
9.76 454
0.93 5813
41.49 1
19.71 1
28.35 2
11.16 275
18.24 15
10.59 147
21.68 5
21.82 17
39.25 3
38.08 1
31.58 1
2.35 35018
29.81 3
27.32 1
8.59 5
17.39 1
1.22 281
5.88 445
10.75 333
13.63 98
8.69 19
41.06 1
22.85 11
43.44 1
17.09 1
8.08 2766
0.75 1531
17.68 212
80.8 2
15.62 9
5.43 11
25.21 1
44.46 1
3.0 82960
4.01 144
12.13 139
12.8 106
6.47 25
3.93 36
23.08 9
14.37 1
9.05 1158
11.86 345
11.4 77
28.68 3
24.33 1
5.04 2368
2.81 26
20.76 32
40.16 6
16.68 21
13.01 9
22.23 1
62.7 1
43.22 1
10.18 856
22.06 27
21.29 2
34.63 1
20.13 2
23.92 3
36.3 1
3.35 19553
16.0 215
16.39 18
27.93 2
4.63 21
46.23 1
3.29 354
2.44 3463
4.91 98
8.82 447
7.3 400
27.61 2
72.09 1
16.06 141
7.37 89
6.3 793
6.34 59
14.4 47
14.44 12
41.28 3
70.33 1
3.78 121
24.62 1
19.53 1
13.76 281
17.18 19
0.63 22
15.52 3
5.51 16
1.55 4767
8.78 1643
33.45 2
10.64 7
28.85 5
25.37 1
66.5 1
11.06 8726
3.47 249
6.71 25
14.01 7
29.9 1
23.18 5
26.35 4
75.08 2
70.3 1
3.86 24753
12.06 193
6.52 26
17.49 10
8.29 11
56.6 1
14.22 7
8.35 1246
17.55 59
13.33 128
20.62 3
22.51 3
16.78 40
600.0 1
43.36 1
12.66 194
18.95 52
4.34 67
2.2 33984
4.55 9703
26.53 2
73.0 1
19.82 16
46.15 1
47.16 1
74.69 1
53.26 1
42.73 1
4.83 795
7.64 48
17.92 2
16.37 1
27.73 1
2.55 37525
29.61 2
12.88 204
3.08 13772
11.49 106
24.52 1
48.65 2
28.05 8
19.41 1
57.5 1
3.76 26586
8.4 243
11.55 217
17.2 81
7.21 13
24.82 7
36.23 2
47.49 1
3.59 96
18.08 32
7.02 54
14.13 9
6.63 6
27.11 1
12.37 1
41.2 2
37.76 3
21.98 9
10.21 7
21.76 12
38.16 1
40.82 1
0.45 40
9.82 290
21.6 4
38.0 10
19.23 2
18.59 1
44.98 1
15.34 5
20.81 3
25.11 1
31.5 1
4.24 392
10.5 71
0.59 534
130.0 2
42.42 1
11.33 4
32.05 6
46.64 1
1.0 307007
16.59 535
18.66 57
26.45 6
61.44 1
42.65 1
80.16 4
58.26 1
33.1 2
24.03 1
1.72 447
0.08 970
5.76 5473
13.55 110
22.73 1
15.79 1
10.83 2
20.44 1
30.81 1
1.86 82853
28.56 8
5.68 349
25.6 2
9.11 15
44.25 1
19.92 4
24.23 3
35.43 1
34.8 2
54.91 1
45.13 1
15.89 2
9.9 145
3.18 170
12.98 265
21.05 25
0.37 7
30.36 1
38.65 1
11.91 5
50.16 2
55.86 1
330.08 1
31.35 2
5.39 126
14.93 5
23.42 2
19.1 12
29.26 1
7.16 1656
15.2 76
6.11 37
14.61 5
18.18 6
15.05 124
0.96 111
9.73 539
19.74 51
20.38 15
1.01 169
9.96 367
19.15 42
10.52 23
15.24 41
54.16 1
11.25 212
21.8 12
44.96 1
18.57 5
31.89 1
1.25 8443
10.72 10
22.82 5
33.35 3
13.64 4
41.01 1
25.07 2
44.8 1
0.78 144
1.42 621
8.05 1477
18.2 37
17.65 119
13.43 3
10.91 3
22.61 4
58.6 1
1.92 9718
0.06 154
5.78 328
15.77 5
30.65 1
28.42 1
33.82 1
11.83 127
15.98 47
0.29 17
11.1 602
24.36 9
45.06 1
35.56 1
53.05 1
23.56 12
6.91 14
26.0 21
20.79 13
29.32 2
42.2 1
